652.5
457.5
464.5
444.75
442.5
490.25
298.0
1256.375
389.125
157.07812
222.625
907.625
8060.875
452.28125
453.34375
494.75
471.75
476.46875
1261.7031
1336.3125
70.6875
137.875
144.75
166.5
8091.6875
1273.0
1255.125
508.75
503.25
659.875
506.375
564.625
137.625
136.5
1181.0
7228.25
625.0
421.375
1312.75
261.125
99.5
500.875
492.75
494.875
492.0
493.125
85.0
209.6875
366.07812
461.125
349.125
703.625
534.25
585.5
546.25
542.875
1773.75
1790.25
1829.125
2787.875
1897.75
1712.0
1723.375
1823.25
1863.5
1479.5
1827.875
2760.5
3025.375
1754.5
2771.875
1747.125
1781.875
1448.625
1844.25
1734.375
1840.875
1743.0
1836.25
1826.375
1738.875
2797.5
1482.25
1785.375
1764.375
2766.75
2781.625
2841.375
1776.875
1782.0
1437.5
1896.875
1723.125
1753.0
1713.125
1714.375
1788.375
1852.375
2766.125
84.25
464.0
512.5
469.875
472.25
527.875
4624.125
4632.078
4630.2656
4616.9688
4624.4688
4604.5156
1702.8594
4618.5938
4654.625
1721.25
4636.125
1685.0469
1675.5469
4616.0938
4624.297
4613.9375
4579.7188
4611.5938
4616.172
4585.1562
4620.922
1712.8906
4588.703
4630.0938
4616.625
4647.0312
4614.8125
1713.4062
4611.25
4572.8906
4037.625
1241.3125
632.5
201.75
476.25
469.125
516.875
479.125
462.875
1304.75
549.375
12454.9375
12187.1875
24448.625
15167.375
18361.375
138.625
656.25
649.75
684.0
643.125
653.0
1279.25
129.375
445.5
1236.5625
1162.125
1243.875
171.375
395.5
1265.0
479.875
76364.25
5215.1875
1268.75
1241.7188
3898.875
425.9375
125.875
1288.125
458.70312
21909.578
441.9375
504.40625
474.42188
259.73438
444.0
9949.75
18465.75
16291.75
441.75
755.875
708.625
748.125
698.375
698.375
270.9375
9006.1875
116.75
1299.2812
135.125
498.1875
479.875
487.3125
491.125
499.125
183.625
818.25
608.8594
5905.1875
208.5
1286.25
100.375
255.875
118.75
112.75
279.0
5045.625
5015.125
5073.125
5138.0
5148.5
5202.25
5034.75
5003.625
4933.125
4622.0
4961.375
5072.375
5013.0
5060.75
4991.0
4998.25
4810.125
5071.625
5046.25
4885.125
5115.625
5172.375
5066.0
5070.375
5181.625
5061.5
4932.75
5037.625
5130.625
4977.0
4991.25
4978.125
5184.875
5093.875
5152.5
5010.875
4914.875
4980.75
5096.75
4988.5
5138.875
4965.625
4978.625
5050.5
5038.875
5187.25
5106.125
4946.0
5017.625
4858.25
5096.125
5057.625
5128.375
5007.5
5073.0
4986.25
5066.375
4871.375
5324.0
6989.25
5156.375
5224.625
5030.875
5163.0
4991.75
5093.125
5057.375
5042.25
5132.25
4941.5
5029.375
4918.875
5049.75
5009.0
5115.5
5123.75
5339.875
4922.25
5153.25
4952.875
5042.375
5088.125
5098.875
5067.25
5029.375
5076.875
5087.625
5018.25
4497.5
248.625
313.375
421.125
121.9375
468.9375
18560.125
18080.625
476.3125
493.1875
9636.875
17100.25
17113.25
17116.875
17087.125
67.0625
59.4375
65.375
52.875
56.9375
34.0625
49.1875
27.5
65.375
27.75
34.9375
34.625
141.4375
26.4375
87.75
86.8125
72.5625
31.4375
39.0625
47.5625
45.625
37.5
34.25
55.5625
39.8125
39.8125
39.5
39.6875
40.4375
38.375
38.375
344.1875
4756.5
291.125
18156.812
18011.625
1796.375
114.625
452.90625
446.9375
156.5
251.625
62.46875
886.125
1193.0
167.25
154.65625
8204.75
1535.5
549.1875
301.79688
157.9375
470.0
14628.211
14844.047
14589.602
6219.586
13875.148
174.5
1619.375
554.6875
497.0
187.57812
246.625
5524.25
467.51562
1017.375
586.5625
289.625
1501.625
154.25
437.125
734.625
312.77344
508.25
1127.0
477.5
202.17188
205.28125
130.39062
701.25
168.5625
166.92188
178.375
20207.875
13077.16
2484.875
153.25
234.25
2629.25
1102.5
4608.0
2231.0
4393.75
4570.625
2174.875
2173.75
3072.25
4616.375
4614.75
3358.75
2622.375
8708.375
1948.0
3287.875
4364.5
3590.375
3233.25
4600.5
4938.125
4224.0
3922.625
4389.25
675.7344
6590.25
549.85156
513.5
271.75
517.4375
192.75
121.91016
671.9375
179.0
315.96875
6661.75
595.4375
348.8125
94.75
2625.4375
2626.8203
292.0625
189.0
491.625
151.46875
218.4375
320.98438
435.89062
10775.625
10763.625
326.58594
2000.75
2008.5
1995.75
1991.5
1993.75
2013.5
1986.75
1994.75
2011.5
1992.25
2003.25
509.25
545.75
240.125
432.875
763.375
128.25
3061.75
461.5
500.6875
261.625
372.75
5091.8125
287.5
193.375
142.48438
273.75
260.5
277.0
245.25
463.75
1804.75
252.375
466.21875
573.4375
234.91406
142.25
141.1875
518.0
386.6875
461.1875
140.0
167333.0
168303.0
172044.5
171589.5
149896.38
167868.12
155536.75
166832.88
167405.5
167400.5
167170.62
169016.38
167776.75
167806.38
167304.12
171698.25
167731.88
168581.25
169437.75
173100.88
145315.0
166522.62
168284.12
157264.0
168589.12
167478.38
150141.88
167777.88
168257.25
146945.62
167202.75
167548.62
167806.38
167475.12
168687.25
167357.0
167893.62
167803.25
166892.25
156608.12
167619.62
168471.5
167667.25
167220.0
166905.38
168369.25
166059.12
167399.75
166716.62
167609.0
166625.5
151134.12
166281.12
167493.88
167601.25
167855.5
167034.0
166522.25
166882.62
168245.0
155754.88
166098.38
158064.88
167151.0
149445.88
167087.5
167896.0
168041.25
167316.0
167133.12
166595.0
166811.0
172351.5
166742.5
167112.25
166647.25
166175.5
166567.5
166727.12
167912.5
166530.88
166735.38
163621.62
167403.5
166353.38
167386.62
166353.38
166514.62
166596.38
167171.0
167495.0
166814.88
167213.5
166218.75
167171.62
166315.62
167268.25
166435.12
166397.38
166588.0
166908.5
169614.75
166420.88
166024.62
170531.38
168073.12
166252.12
166635.25
167760.0
150236.62
167166.5
167041.62
167328.12
166546.0
165912.75
167493.25
168754.25
163672.25
165934.5
167073.12
166127.88
166108.25
165850.5
159010.38
166253.75
156441.38
168271.62
168176.12
167486.75
165489.12
167121.62
167089.12
165864.12
166965.12
166016.75
165693.62
144930.25
165526.0
166864.5
165681.38
166341.5
157142.38
148994.88
166187.88
166204.38
166710.5
159525.12
166210.62
167378.88
168260.38
164795.12
165854.5
166090.0
168198.38
165601.38
166770.25
166013.12
165724.88
166918.5
169469.62
139741.12
163778.62
167580.62
166959.5
166480.5
166306.0
167189.0
165960.25
166748.62
166477.25
166919.12
167357.62
166466.38
166288.88
161768.62
168201.25
166716.12
166812.25
165692.12
166005.5
166626.12
167336.12
166138.5
165642.0
165671.75
166592.75
166286.12
167209.12
166431.88
133239.38
165809.38
166691.88
162124.62
166878.38
166468.5
165166.0
148089.88
146514.0
144540.88
137945.88
1021.0
168.625
179.625
257.875
228.875
170.5
164.25
270.0
195.125
215.25
222.75
159.625
169.375
225.125
184.125
227.0
267.5
220.875
316.125
228.25
171.375
183.625
283.125
216.5
172.75
175.375
266.625
283.125
177.625
216.125
222.75
257.875
271.25
245.875
168.625
166.125
227.0
160.875
222.0
263.125
175.5
174.625
169.25
279.125
174.625
177.875
168.5
193.75
173.0
223.5
182.875
163.125
154.0
261.875
223.5
241.875
246.75
232.0
217.375
236.125
267.5
171.625
225.125
228.875
183.875
165.125
236.125
277.5
270.75
223.5
177.25
265.875
227.375
180.5
163.75
171.25
181.125
256.125
222.75
185.25
181.0
266.625
180.25
257.875
266.625
264.375
226.0
232.75
182.375
209.125
168.0
198.125
187.125
228.875
199.375
261.875
221.875
213.0
176.875
227.0
269.25
222.75
315.0
298.375
279.0
172.875
328.125
199.75
218.0
255.375
174.375
221.875
197.25
170.625
182.25
217.5
175.375
284.25
229.5
227.0
284.25
172.875
269.25
191.375
258.625
171.625
368.5
303.375
213.75
172.0
178.125
270.75
267.5
169.375
181.125
183.375
329.875
223.5
175.0
352.125
182.125
269.25
245.875
275.375
270.75
227.0
183.625
172.5
261.875
256.25
260.25
224.25
193.5
220.875
179.75
172.875
267.5
178.625
256.125
218.75
244.375
173.25
173.0
268.25
271.5
273.375
174.5
268.25
171.25
246.75
227.875
221.875
288.875
230.0
221.875
240.75
164.5
224.375
182.75
2881.0
265.125
267.5
249.875
171.25
197.875
249.0
278.25
224.375
368.0
282.25
112.75
259.375
123.375
129.17188
15730.125
255.875
125.125
14970.75
461.125
789.5
6337.625
4329.6875
5246.0
418.25
515.3125
355.6875
371.875
328.75
287.5
884.875
472.25
478.48438
801.5625
293.125
1055.3125
489.5
32788.5
245.5
241.5
9475.5
9466.1875
277.625
259.3125
405.4375
7728.0625
8340.1875
17790.062
11109.0625
7340.25
7279.5625
6877.5
7457.4375
7644.0625
6625.3125
6916.375
7963.375
9491.25
9056.0
8903.375
9913.9375
8198.4375
7220.5
7989.1875
12332.9375
10615.375
9647.6875
10041.4375
13127.625
10815.5
10764.625
10187.0
9015.1875
15314.25
9962.1875
8298.5
6492.125
8266.3125
7864.8125
10062.5
9056.1875
8528.625
6513.3125
8728.4375
9057.25
10335.3125
10235.0
9341.75
9085.875
8251.375
8091.375
8581.125
8451.5
7466.3125
7385.75
11571.375
8350.3125
8297.9375
9471.9375
7814.3125
9065.875
7886.25
9723.0625
9070.3125
7497.375
9566.5
9426.375
7219.0625
8836.6875
8230.6875
7463.375
6601.3125
7687.9375
8033.4375
6569.0625
9225.8125
8800.1875
7990.75
8693.3125
8016.9375
9382.9375
7977.6875
11105.6875
8654.4375
9074.8125
7869.25
9564.125
6856.6875
8252.9375
9136.9375
9715.75
10698.375
8377.1875
6467.9375
9052.3125
8072.25
9763.625
8648.1875
8085.5
6864.625
7959.8125
8009.9375
7443.8125
12088.1875
7664.125
12989.6875
8898.9375
7225.25
7467.1875
7290.875
13308.1875
9096.875
8031.125
6869.8125
11112.375
8138.375
8454.5625
9470.5625
8257.75
13473.25
7344.0
9927.125
7203.5
8501.625
8953.3125
7884.375
17819.0
6786.75
7481.5
7890.375
7203.1875
9086.0625
9063.125
6470.6875
9756.1875
11129.25
9091.25
10969.3125
9815.5
8087.375
7810.5625
7596.9375
8507.5625
9494.4375
247.25
165.75
156.5
693.125
1075.625
355.875
163.8125
337.3047
450.83203
98.5
170.5625
623.5
255.625
269.9375
227.5625
797.6875
121.625
438.25
5382.7188
5154.7188
5817.4062
4536.0938
5261.4375
2436.75
2346.375
2543.7812
2984.25
2777.1562
3383.25
2333.0625
5154.5312
3613.9375
4626.9375
3752.875
2397.5312
4661.0312
3925.5938
3645.0312
3256.3438
5699.7188
17336.75
20565.812
97.5
11451.375
206.0625
5419.375
6369.5
87.25
1534.0
126.875
153.09375
538.75
568.0
266.875
310.125
302.625
21874.0
15173.375
448.0
1149.0
1204.0
635.25
475.75
1800.25
1812.875
1808.375
1800.5
1803.375
1811.875
1807.625
1831.125
1807.25
2702.75
2001.25
1772.25
1807.125
1804.0
1805.75
2727.75
1803.0
1954.125
1789.0
1778.875
1782.875
1813.625
1807.625
1787.5
1807.25
1804.5
1810.25
1812.625
1808.75
1807.75
2702.125
2707.0
1804.75
1802.625
1799.625
2994.125
1805.0
1812.25
1805.125
1807.75
1810.5
1788.125
1813.625
2209.5
1803.0
1810.375
1806.25
1807.875
1783.625
2706.25
158.01562
15641.9375
15538.25
15583.875
15595.3125
15563.1875
15571.4375
15574.25
15541.5
15559.25
15573.5625
15579.375
15579.8125
15541.5
15611.4375
15549.4375
15543.875
15556.125
15572.375
15539.8125
15755.5
15587.0
15606.1875
15603.0
15571.5625
15552.1875
15621.875
15528.4375
15568.9375
15640.9375
15630.1875
15592.625
15557.625
15553.1875
15547.8125
15526.4375
15569.8125
7316.6875
15593.0625
14645.625
704.5
4608.875
871.25
687.0
124.4375
200.875
4650.875
111.71875
292.03125
191.4375
21190.625
1024.2812
294.0625
3819.2188
192.625
4415.875
291.25
2397.375
510.125
724.625
207.35547
8194.4375
8061.875
654.75
195.75
434.84375
96.76953
9700.625
9702.9375
950.40625
165.0
182.4375
343.875
415.875
9553.125
9554.9375
113.125
99.1875
6289.875
177.25
583.8125
272.75
275.5
8173.25
8172.625
164.5
207.5
184.5
221.75
182.125
204.5
198.625
194.625
218.5
168.625
152.0
173.25
195.375
229.375
186.25
194.125
175.625
209.125
214.25
223.625
385.125
310.08594
196.5625
176.0
286.375
2996.75
177.75
544.125
636.875
9048.8125
9827.8125
1925.25
4337.75
3227.125
1575.5
2086.125
4999.0
3771.375
3747.0
3343.75
4024.75
4058.125
2662.0
3480.625
4338.75
4029.5
2795.75
6241.75
3214.375
3913.75
2097.75
2027.875
4597.5
56322.375
230.69531
549.3301
464.125
405.125
741.5703
77.32031
120.69922
2729.5
607393.75
5161.625
110.75
105.0
119.75
166.125
105.375
403.875
156.625
121.75
134.125
106.5
110.0
144.5
111.25
131.25
128.25
111.625
141.5
108.75
550.0
324.625
4814.25
79.875
8173.125
139.875
16985.062
16879.125
166.14844
147.05469
523.375
389.375
291.875
980.125
593.25
664.4375
377.9375
373.4375
165.21875
373.375
3904.875
89.75
220.75
370.75
5436.25
379.5
1077.0
27164.75
18681.5
5259.25
14409.75
14762.25
14636.5
14280.25
14975.5
12939.5
14320.75
14277.75
13691.5
14583.25
14694.5
14310.0
14170.75
14179.0
7351.25
14773.0
14634.25
14773.0
14631.75
14577.0
14746.0
14492.5
14628.0
14318.75
14770.0
12313.25
14559.5
14283.25
14762.25
14751.25
14734.25
14760.0
14794.75
14624.75
10555.25
14209.25
13963.25
14771.5
6538.0
185.875
652.0
17896.25
2572.125
423.6172
259.0
258.875
282.75
367.75
173.625
748.5703
363.3125
407.89844
167.125
5871.375
605.25
219.28125
580.625
8128.6016
4355.082
2168.8203
4111.8633
4063.9102
4031.7734
2046.9883
3800.4766
2084.1445
3430.082
4050.6875
2632.7812
4074.9688
4066.1562
3296.7656
8302.523
4019.414
3824.0664
4063.9062
2180.0469
2671.6602
3077.0508
596.5
1572.5
136.75
122.125
159.125
160.875
119.5
145.0
142.375
214.625
153.625
173.625
143.0
133.75
153.25
286.625
146.875
149.625
143.375
145.5
148.125
257.625
705.625
177.5
209.875
611.375
151.875
390.75
269.5
184.25
441.25
173.25
181.25
194.25
136.0
147.375
164.5
164.75
114.25
125.0
129.5
188.375
136.25
161.25
150.375
203.625
160.0
163.75
191.375
144.0
154.875
166.25
155.5
167.25
165.875
628.375
293.5
266.0
3278.375
630.75
243.125
187.0
162.875
206.875
164.5
166.5
194.25
183.0
161.875
213.375
179.0
158.875
199.875
127.5
165.25
170.125
160.625
182.375
541.75
155.0
155.75
143.75
165.25
218.0
170.375
167.125
164.5
209.125
230.875
151.0
212.5
845.625
156.25
187.625
160.125
309.5
278.25
159.875
236.25
249.25
256.0
149.875
222.0
167.0
173.875
624.0
241.875
173.125
183.0
157.875
171.375
610.25
167.75
172.25
146.75
210.25
170.375
170.0
192.875
265.125
219.625
241.5
256.0
524.875
174.5
197.75
171.0
167.5
202.5
196.25
153.5
154.25
156.125
146.875
155.625
176.0
214.25
143.25
539.75
150.125
144.25
8536.125
268.01562
373.625
449.95312
577.5
414.01562
473.125
191.75
195.5
251.6875
1061.6875
517.625
548.125
651325.25
329.25
221.53125
223.59375
7593.3125
7622.125
106.3125
448.5
319.85156
261.625
16739.375
237.375
24423.0
368.375
11386.5
566.75
5029.75
192.14062
804.25
395.5
376.75
9766.4375
7588.0625
3124.875
918.0781
274.75
371.0
237.9375
857.3281
889.125
355.01562
268.78125
383.17188
388.01562
406.40625
382.39062
897.6875
358.625
306.45312
408.5
681.4375
90.375
236.04688
2856.0
477.625
1027.0
327.25
6366.75
6779.0
6339.5
690.25
6337.25
8307.25
821.25
5557.75
8300.25
8304.75
755.6875
288.75
267.1875
247.5
269.625
283.6875
251.0
263.125
242.125
245.0625
246.6875
236.125
243.4375
269.875
181.0
217.1875
217.75
251.1875
249.875
279.75
270.0
193.75
243.625
26.0
272.6875
231.8125
261.9375
264.0
260.6875
245.875
256.8125
272.1875
251.625
229.0
229.1875
233.5625
262.375
248.3125
248.3125
242.375
260.5
256.4375
243.75
248.9375
232.3125
259.4375
215.3125
274.625
231.25
257.125
222.6875
246.6875
268.5
250.4375
266.625
256.4375
235.8125
240.1875
234.625
247.3125
257.25
236.375
227.5
265.625
263.5625
256.75
275.9375
272.5
232.8125
249.5625
253.375
247.6875
239.75
246.5
278.6875
261.875
180.1875
264.125
210.8125
221.4375
254.125
245.125
261.6875
267.4375
266.75
266.75
256.8125
262.625
263.6875
233.6875
257.6875
246.6875
244.9375
236.8125
253.875
264.4375
245.375
280.5
245.25
237.5625
233.6875
233.25
237.625
248.25
261.125
241.3125
236.8125
236.0625
266.125
234.125
246.5625
238.375
248.5
271.375
282.3125
233.9375
245.9375
240.75
260.375
281.5625
187.9375
600.8125
7746.125
9632.375
679.25
9637.375
9355.9375
9349.125
8842.3125
1167.1875
745.5625
55.21875
1146.125
1593.625
737.8125
789.125
728.125
771.5625
735.75
780.3125
905.9375
777.0
797.8125
726.125
731.9375
764.25
746.9375
741.4375
77.3125
768.5
766.5
781.75
770.1875
697.75
815.75
728.875
793.75
743.875
743.0
771.4375
771.0
670.875
788.375
780.375
739.0
764.1875
770.5625
772.8125
737.375
749.5625
759.375
762.1875
720.4375
807.6875
765.0
744.25
754.8125
848.3125
764.1875
792.75
786.4375
786.375
766.4375
769.9375
731.8125
812.375
790.875
766.0
696.375
776.375
781.1875
739.3125
762.25
804.8125
787.5625
780.875
774.375
762.9375
766.3125
780.25
764.3125
771.8125
852.9375
752.4375
721.9375
722.3125
738.4375
741.375
716.625
787.1875
765.5
774.0
749.6875
754.4375
704.25
788.1875
799.9375
763.5625
766.75
762.0625
754.625
781.0625
799.6875
768.6875
771.375
746.5
743.9375
742.625
727.125
763.875
731.3125
783.6875
784.625
697.375
773.375
792.5625
753.6875
777.375
789.0
764.4375
745.0
768.4375
766.1875
763.6875
756.9375
759.625
766.5625
761.0
765.75
764.0
730.375
781.6875
720.6875
699.5625
37.0
6635.125
4538.375
629.25
716.875
4496.875
6628.0
6633.0
5972.25
5982.125
1101.375
11366.609
7701.264
530.06396
7700.832
7699.104
595.2096
6874.5024
7072.8774
487.3825
1044.7489
7376.7812
8527.189
8559.129
6746.544
7509.369
580.0029
8552.304
1510.6182
669.9463
6198.5957
6366.6436
8873.3125
8018.9688
8877.9375
7645.375
6141.5625
5724.625
572.5
582.9375
7678.9062
8877.094
386.9375
2740.0
7472.0312
7474.9062
7476.6875
6191.9062
363.875
2099.8438
6468.0625
7287.75
1667.5312
1013.625
2086.4766
2625.1797
1578.2734
994.5547
717.9844
1162.1641
1139.7109
2565.6328
808.96094
1708.7266
2558.9062
1217.2812
1568.7656
1156.7266
2264.039
1326.4062
1555.2891
1565.0391
1652.9141
1242.5156
824.34375
2102.9766
1430.9531
1059.0
491.70312
491.70312
360.46094
481.25
370.39844
431.3125
420.42188
775.75
488.25
523.0
493.75
805.25
814.5
769.25
509.25
499.75
543.0
495.0
511.25
466.25
475.75
814.0
566.25
517.5
516.0
524.5
482.5
818.75
244.5
227.5
236.0
253.25
235.5
215.25
513.0
244.0
286.0
253.0
89.75
256.5
80.0
105.5
152.75
95.75
94.75
158.0
163.0
168.0
127.5
94.75
154.75
147.25
234.40625
307.5
1100.5
606.625
1235.0
1075.875
1059.75
694.75
1064.375
660.625
1092.5
1059.75
1082.5
631.0
1003.0
1077.75
1047.5
1122.875
1038.0
1116.875
1095.125
1088.625
622.375
1139.375
1146.625
1249.625
1059.125
1053.625
1032.375
1131.25
674.625
844.125
349.0
605.9375
258.875
257.625
6556.1133
5485.793
5309.535
389.3125
3974.4805
252.28906
7613.133
5624.8984
275.27344
31634.312
31946.125
31097.625
31096.125
31696.188
30501.312
32225.812
32099.188
32241.438
31958.125
31717.938
31279.625
31089.375
31673.625
31268.812
30995.938
31162.0
31296.562
30848.938
31301.25
31199.438
31987.25
31979.875
30546.938
30892.875
31090.125
31124.312
31091.875
31086.438
31345.312
31792.938
31287.75
31495.312
30748.062
31222.25
30505.438
31623.438
31838.0
30751.25
30917.375
32090.625
32070.688
30857.312
31304.75
30928.062
31666.5
31098.0
30739.0
31020.5
31115.625
30555.0
31456.125
12159.125
32215.438
31972.562
31529.812
31715.625
30920.875
31509.688
30510.438
31143.312
31084.625
32276.0
30831.625
32169.688
31094.062
30623.25
31977.125
31171.25
30967.312
31216.625
32266.625
32245.75
31464.812
24983.25
31337.188
31656.062
31145.188
32167.75
31706.75
257.125
205.19922
54534.625
54509.5
55123.75
55433.625
54898.75
54560.0
54268.125
54660.625
54039.875
53827.25
54216.5
53916.625
54984.5
54117.875
53768.375
53790.875
53832.125
54885.75
54915.75
54475.5
54192.0
53869.0
54634.5
54395.75
55061.5
53933.625
54188.125
55259.625
54905.125
55006.75
53875.375
53760.375
53920.375
54347.875
53852.5
54244.5
54963.875
54568.75
55078.0
53873.125
54226.0
53999.625
53640.5
53836.375
53827.5
54059.0
53724.375
53731.75
54591.25
53819.375
54575.125
53808.5
53919.375
54601.75
54184.0
54561.625
54203.25
53880.125
54654.625
54103.0
54929.25
53723.5
54919.5
54225.25
54558.875
53913.625
54048.75
54345.25
53832.5
53972.625
53930.875
55009.625
53812.125
54095.25
54413.125
53877.5
53832.0
53751.5
55298.375
53841.75
53808.25
54084.875
54640.125
53888.5
53876.375
54147.25
53944.75
55044.5
53725.875
55352.0
54566.875
55153.5
55266.25
55280.375
54158.375
53872.375
53852.5
54854.875
53828.0
54226.875
53926.0
54527.125
53782.875
55448.25
54244.75
55076.0
53915.0
53761.75
53911.375
54676.0
53862.25
54419.75
54844.25
54284.0
54505.75
20283.625
55003.125
53837.375
53754.125
53780.75
54333.375
53842.25
53811.0
53748.75
54745.0
143.85547
248.66016
276.48047
17690.0
17514.25
17660.5
17681.25
17655.75
17698.25
17692.25
17671.0
17678.25
17677.75
17683.5
17689.5
17675.0
17680.25
17684.25
17676.25
16866.25
17107.75
17657.5
17692.25
17683.5
17705.75
17648.0
17642.75
16967.75
17616.5
16875.0
17678.0
17320.5
17477.25
17654.5
17188.0
17091.75
16877.5
17682.0
17728.25
17681.75
17649.0
17677.0
17667.25
16882.25
17682.25
17674.0
17666.5
16986.75
17678.75
17473.75
16874.25
17850.25
17669.75
17511.5
17248.75
17223.75
17518.75
17481.25
17680.75
17665.5
17672.25
17223.75
17460.5
17670.25
17674.25
17675.5
17671.5
17676.0
17678.75
17660.5
17177.0
17676.5
17682.75
17466.0
17676.5
17696.25
17693.5
17681.75
17638.0
17244.5
17667.5
17674.0
17681.5
16922.5
17665.5
17664.5
16832.75
16876.75
17673.75
17669.75
17682.0
17657.75
17434.75
17666.75
17520.25
17681.0
17678.5
17677.75
17666.75
16926.0
2041.75
2059.25
2063.5
205.9375
912.96875
3641.2344
1009.0
12752.875
791.875
2274.25
3356.75
1026.75
616.5
3201.6406
7772.125
3893.625
35187.5
588423.9
1345.3125
3947.625
366.625
2768.125
6630.7656
302.75
512672.25
3688.8438
15788.797
2462.375
1310.8125
5663.375
200.5
1486.3359
16812.875
763.625
37645.438
3724.1875
785.375
62385.875
19617.0
317.375
3294.4297
28325.062
21013.0
327.5
886.4375
1646.75
1087.0
1408.75
1509.0
5735.25
7701.6875
7546.0
4551.75
6607.25
697.9375
6434.875
2015.5469
5819.6406
3232.375
1782.75
1940.625
504.0625
61582.46
45459.53
9281.625
2032.0
1201.4375
724.6406
10157.6875
1026.5
73708.375
146705.88
628.25
52776.75
20525.75
1489.4375
46236.812
962.0
1363.625
14265.781
48293.25
1004.5
282.25
293.4375
21592.25
1543.0625
21520.594
1508.25
597.875
86273.5
23108.875
6493.625
468.03906
1103.75
1928.25
8648.297
528.0
2289.625
7365.625
6523.125
8455.0
7225.0
3617.125
6153.875
7051.375
8797.25
6090.625
6311.625
5754.0
6382.5
7055.25
6934.625
7082.625
5974.875
7542.75
7042.875
2186.375
4343.0
1229.3125
20511.438
48359.812
224.125
18644.312
1095.0
7660.25
849.21875
972.0
14053.0
4041.793
11416.555
728.8672
2344.7188
1859.1562
11537.328
35462.5
10916.5
3144.625
362.625
387.0
5635.875
740.1875
12243.875
4268.0625
1009.15625
6540.203
24310.25
1400.7188
406.625
669.625
3640.75
5296.5
1469.1465
28102.531
1432.875
49792.125
16338.625
2128.375
210.0
4922.9688
140.6875
695.0
14417.625
141.625
1229.375
3806.0
2083.5
2655.5
897.125
10843.5
13687.875
1593.8906
284.5
284.09375
17876.406
7002.9375
1030.75
3332.875
960.5078
15238.375
14617.25
13787.0
5178.5
5103.9062
723.5
726.5
35562.5
1108.125
1744.4375
2317.9375
342.0
1030.5
1660.125
9667.1875
1227.2031
30907.0
1082.5078
9403.43
302289.56
4049.25
47549.438
1065.5
570.0625
10694.6875
1175.25
228.25
36250.25
1502.2188
3961.875
1778.5
19317.875
425.875
893.125
3895.5
5783.5312
5028.75
282.5
4420.75
747.5
539.8125
645.5
639.25
1979.25
5657.2188
182.75
21032.5
20997.0
20985.75
20946.625
20993.375
21023.5
20943.75
21023.25
21019.0
21023.0
21023.25
21016.5
21022.625
21003.5
20546.25
20947.75
21017.125
21016.875
21022.0
21014.25
68918.5
5056.125
110063.81
494.75
2203.25
324.25
1102.0
1296.4219
829.0
10682.922
888.25
111.97412
16644.75
2663.375
954.0
5088.5
6507.75
1529.5
9387.375
180246.64
9181.75
58967.5
4768.125
9023.0
48.25
555.7344
4863.3594
14916.25
4057.25
495.75
675.75
10042.5
149.5
519.2656
338.5
12148.5
18354.75
617.5
231.25
279.875
70459.875
6402.75
352.0
10260.781
937.5
2803.0
14530.875
18028.875
2316.25
2066.75
17669.062
373.125
2822.125
338272.94
2918.9375
81.25
12158.125
1593.0
491.26953
4454.5234
658.5
12189.125
6755.875
330.9375
3142.25
2312.3203
2244.25
229.0
232.9375
2610.125
1885.3438
1613.75
667.25
6284.25
1639.25
270.625
102272.25
7971.6094
73814.0
15326.5
295.25
5688.375
708.625
1479.9375
3173.5
1067.5
702.75
37893.25
343.875
313.0
1091.75
145391.06
3308.5
11457.25
1906.6875
44062.125
3619.125
374.26562
78683.75
100751.625
59396.375
1082.0
3405.375
1031.25
27936.25
15176.75
44791.0
227.25
634.0
876.5
1110.25
15896.625
2523.5
2914.75
1914.625
2569.625
348.75
1053.0
11177.1875
31216.312
6894.8906
2570.3438
3350.0
468.79688
1348.125
614.75
13627.0
2210.0
1431.5625
925.8125
3541.3672
326.09375
556.125
382.125
1162.1719
19015.5
1923.3594
1274.0
374.03125
327.5625
14425.406
2120.25
310.9375
687.8281
1943.375
5293.125
59911.5
23985.0
554.09375
2438.875
1113.0
256.07812
4568.875
3845.125
2137.2188
3259.375
4611.9375
7373.4688
14287.1875
975.0
2663.625
775.8711
5952.75
963.875
313.25
1633.0312
116.75
966.75
2251.75
14754.125
324.25
579.25
1267.4375
727.375
4056.125
817.4375
1074.1289
1568.5938
7267.9375
9897.375
3526.875
94869.875
2550.5
8666.25
368.8125
1004.75
333.625
681.0
339.25
14187.0
36108.125
7415.75
173.75
534.25
2287.25
3662.3281
677.25
58879.125
3743.25
651.5
43741.97
268.125
6882.6406
5733.5156
4943.375
20342.875
2318.5
3105.9922
437.01562
397.125
377.25
296.25
3110.0
6975.078
95.0
289.625
30403.812
45.6875
47097.33
1866.375
777.625
459.75
4747.7656
6216.5664
106487.66
4683.6875
4021.125
20366.75
27843.25
1082.3125
3980.0
3523.1328
2015.8828
6204.9844
512.71875
1111.25
549.3125
586.78125
986.0
30403.469
25436.125
2116.25
301.375
897.5
1515.75
2816.8125
81781.125
1102.25
962.25
31170.812
70244.5
8378.797
171.5
114.25
268.875
10538.125
949.01953
309.7422
56716.625
63129.0
980.75
13382.75
1048.0312
2037.7344
3582.6562
11083.875
848.1875
1551.5
309.90625
3258.125
13962.6875
1354.75
580.125
1574.25
273.0
567.75
10752.5625
1686.2734
1402.375
12643.34
6706.0
3403.75
467.35938
449.25
83.25
1958.875
4668.617
111.625
362.25
14105.375
1489.75
1495.4062
2525.75
289.875
489.97656
4255.3594
4979.25
265729.5
239.0625
788.625
8412.3125
1014.375
485.125
405.71875
11060.75
777.25
13068.25
11604.0
925.25
996.3594
1010.0
12718.875
3949.625
5435.5
437.4375
10355.5
3399.125
135.90625
826.3125
2824.25
2388.9688
292.02344
989.5
6059.125
664.75
144.5
3732.3125
8499.625
194.90625
3740.125
44013.285
15192.5
806.5469
151469.06
4793.7344
128.73438
5588.625