652.5
298.0
1256.375
389.125
157.07812
222.625
907.625
8060.875
1261.7031
1336.3125
70.6875
137.875
8091.6875
1273.0
1255.125
1181.0
7228.25
625.0
421.375
1312.75
261.125
99.5
85.0
209.6875
366.07812
461.125
349.125
4037.625
1241.3125
632.5
201.75
1304.75
549.375
138.625
1279.25
129.375
445.5
1236.5625
1162.125
1243.875
171.375
395.5
1265.0
479.875
76364.25
5215.1875
1268.75
1241.7188
3898.875
425.9375
125.875
1288.125
259.73438
270.9375
9006.1875
116.75
1299.2812
135.125
183.625
818.25
608.8594
5905.1875
208.5
1286.25
100.375
255.875
118.75
112.75
279.0
248.625
313.375
421.125
121.9375
468.9375
344.1875
4756.5
291.125
1796.375
114.625
156.5
251.625
62.46875
886.125
1193.0
167.25
154.65625
8204.75
1535.5
549.1875
301.79688
157.9375
470.0
174.5
1619.375
554.6875
497.0
187.57812
246.625
5524.25
467.51562
1017.375
586.5625
289.625
1501.625
154.25
437.125
734.625
312.77344
508.25
1127.0
477.5
130.39062
701.25
178.375
20207.875
13077.16
2484.875
153.25
234.25
2629.25
1102.5
675.7344
6590.25
549.85156
513.5
192.75
121.91016
671.9375
179.0
315.96875
6661.75
595.4375
348.8125
94.75
292.0625
189.0
491.625
151.46875
218.4375
326.58594
509.25
545.75
240.125
432.875
763.375
128.25
3061.75
461.5
500.6875
261.625
372.75
5091.8125
287.5
193.375
142.48438
273.75
245.25
463.75
1804.75
252.375
466.21875
573.4375
234.91406
142.25
141.1875
518.0
140.0
1021.0
112.75
129.17188
15730.125
255.875
125.125
14970.75
461.125
789.5
5246.0
418.25
515.3125
884.875
472.25
478.48438
801.5625
293.125
1055.3125
489.5
32788.5
405.4375
247.25
693.125
1075.625
355.875
163.8125
98.5
170.5625
623.5
255.625
269.9375
227.5625
797.6875
121.625
438.25
97.5
11451.375
206.0625
5419.375
6369.5
87.25
1534.0
126.875
153.09375
538.75
568.0
266.875
448.0
1149.0
1204.0
158.01562
704.5
4608.875
871.25
687.0
124.4375
200.875
4650.875
111.71875
292.03125
191.4375
21190.625
1024.2812
294.0625
3819.2188
192.625
4415.875
291.25
2397.375
510.125
724.625
207.35547
654.75
195.75
434.84375
96.76953
950.40625
165.0
182.4375
113.125
99.1875
6289.875
177.25
583.8125
385.125
310.08594
196.5625
176.0
286.375
2996.75
177.75
544.125
636.875
56322.375
230.69531
549.3301
464.125
405.125
741.5703
77.32031
120.69922
2729.5
607393.75
5161.625
110.75
105.0
550.0
324.625
4814.25
79.875
8173.125
139.875
166.14844
147.05469
523.375
980.125
593.25
664.4375
165.21875
373.375
3904.875
89.75
220.75
370.75
5436.25
379.5
1077.0
27164.75
18681.5
5259.25
185.875
652.0
17896.25
2572.125
423.6172
282.75
367.75
173.625
748.5703
167.125
5871.375
605.25
219.28125
580.625
596.5
1572.5
8536.125
268.01562
373.625
449.95312
577.5
251.6875
1061.6875
651325.25
329.25
106.3125
448.5
319.85156
261.625
16739.375
237.375
24423.0
368.375
11386.5
566.75
5029.75
192.14062
804.25
3124.875
681.4375
90.375
236.04688
2856.0
477.625
1027.0
327.25
755.6875
55.21875
1146.125
1593.625
37.0
11366.609
386.9375
1013.625
234.40625
307.5
605.9375
252.28906
275.27344
257.125
205.19922
143.85547
248.66016
276.48047
205.9375
912.96875
3641.2344
1009.0
12752.875
791.875
2274.25
3356.75
1026.75
616.5
3201.6406
7772.125
3893.625
35187.5
588423.9
1345.3125
3947.625
366.625
2768.125
6630.7656
302.75
512672.25
3688.8438
15788.797
2462.375
1310.8125
5663.375
200.5
1486.3359
16812.875
763.625
37645.438
3724.1875
785.375
62385.875
19617.0
317.375
3294.4297
28325.062
21013.0
327.5
886.4375
1646.75
1087.0
1408.75
1509.0
5735.25
7701.6875
7546.0
4551.75
6607.25
697.9375
6434.875
2015.5469
5819.6406
3232.375
1782.75
1940.625
504.0625
61582.46
45459.53
9281.625
2032.0
1201.4375
724.6406
10157.6875
1026.5
73708.375
146705.88
628.25
52776.75
20525.75
1489.4375
46236.812
962.0
1363.625
14265.781
48293.25
1004.5
282.25
293.4375
21592.25
1543.0625
21520.594
1508.25
597.875
86273.5
23108.875
6493.625
468.03906
1103.75
1928.25
8648.297
528.0
2289.625
1229.3125
20511.438
48359.812
224.125
18644.312
1095.0
7660.25
849.21875
972.0
14053.0
4041.793
11416.555
728.8672
2344.7188
1859.1562
11537.328
35462.5
10916.5
3144.625
362.625
387.0
5635.875
740.1875
12243.875
4268.0625
1009.15625
6540.203
24310.25
1400.7188
406.625
669.625
3640.75
5296.5
1469.1465
28102.531
1432.875
49792.125
16338.625
2128.375
210.0
4922.9688
140.6875
695.0
14417.625
141.625
1229.375
3806.0
2083.5
2655.5
897.125
10843.5
13687.875
1593.8906
284.5
284.09375
17876.406
7002.9375
1030.75
3332.875
960.5078
15238.375
14617.25
13787.0
5178.5
5103.9062
723.5
726.5
35562.5
1108.125
1744.4375
2317.9375
342.0
1030.5
1660.125
9667.1875
1227.2031
30907.0
1082.5078
9403.43
302289.56
4049.25
47549.438
1065.5
570.0625
10694.6875
1175.25
228.25
36250.25
1502.2188
3961.875
1778.5
19317.875
425.875
893.125
3895.5
5783.5312
5028.75
282.5
4420.75
747.5
539.8125
645.5
639.25
1979.25
5657.2188
182.75
68918.5
5056.125
110063.81
494.75
2203.25
324.25
1102.0
1296.4219
829.0
10682.922
888.25
111.97412
16644.75
2663.375
954.0
5088.5
6507.75
1529.5
9387.375
180246.64
9181.75
58967.5
4768.125
9023.0
48.25
555.7344
4863.3594
14916.25
4057.25
495.75
675.75
10042.5
149.5
519.2656
338.5
12148.5
18354.75
617.5
231.25
279.875
70459.875
6402.75
352.0
10260.781
937.5
2803.0
14530.875
18028.875
2316.25
2066.75
17669.062
373.125
2822.125
338272.94
2918.9375
81.25
12158.125
1593.0
491.26953
4454.5234
658.5
12189.125
6755.875
330.9375
3142.25
2312.3203
2244.25
229.0
232.9375
2610.125
1885.3438
1613.75
667.25
6284.25
1639.25
270.625
102272.25
7971.6094
73814.0
15326.5
295.25
5688.375
708.625
1479.9375
3173.5
1067.5
702.75
37893.25
343.875
313.0
1091.75
145391.06
3308.5
11457.25
1906.6875
44062.125
3619.125
374.26562
78683.75
100751.625
59396.375
1082.0
3405.375
1031.25
27936.25
15176.75
44791.0
227.25
634.0
876.5
1110.25
15896.625
2523.5
2914.75
1914.625
2569.625
348.75
1053.0
11177.1875
31216.312
6894.8906
2570.3438
3350.0
468.79688
1348.125
614.75
13627.0
2210.0
1431.5625
925.8125
3541.3672
326.09375
556.125
382.125
1162.1719
19015.5
1923.3594
1274.0
374.03125
327.5625
14425.406
2120.25
310.9375
687.8281
1943.375
5293.125
59911.5
23985.0
554.09375
2438.875
1113.0
256.07812
4568.875
3845.125
2137.2188
3259.375
4611.9375
7373.4688
14287.1875
975.0
2663.625
775.8711
5952.75
963.875
313.25
1633.0312
116.75
966.75
2251.75
14754.125
324.25
579.25
1267.4375
727.375
4056.125
817.4375
1074.1289
1568.5938
7267.9375
9897.375
3526.875
94869.875
2550.5
8666.25
368.8125
1004.75
333.625
681.0
339.25
14187.0
36108.125
7415.75
173.75
534.25
2287.25
3662.3281
677.25
58879.125
3743.25
651.5
43741.97
268.125
6882.6406
5733.5156
4943.375
20342.875
2318.5
3105.9922
437.01562
397.125
377.25
296.25
3110.0
6975.078
95.0
289.625
30403.812
45.6875
47097.33
1866.375
777.625
459.75
4747.7656
6216.5664
106487.66
4683.6875
4021.125
20366.75
27843.25
1082.3125
3980.0
3523.1328
2015.8828
6204.9844
512.71875
1111.25
549.3125
586.78125
986.0
30403.469
25436.125
2116.25
301.375
897.5
1515.75
2816.8125
81781.125
1102.25
962.25
31170.812
70244.5
8378.797
171.5
114.25
268.875
10538.125
949.01953
309.7422
56716.625
63129.0
980.75
13382.75
1048.0312
2037.7344
3582.6562
11083.875
848.1875
1551.5
309.90625
3258.125
13962.6875
1354.75
580.125
1574.25
273.0
567.75
10752.5625
1686.2734
1402.375
12643.34
6706.0
3403.75
467.35938
449.25
83.25
1958.875
4668.617
111.625
362.25
14105.375
1489.75
1495.4062
2525.75
289.875
489.97656
4255.3594
4979.25
265729.5
239.0625
788.625
8412.3125
1014.375
485.125
405.71875
11060.75
777.25
13068.25
11604.0
925.25
996.3594
1010.0
12718.875
3949.625
5435.5
437.4375
10355.5
3399.125
135.90625
826.3125
2824.25
2388.9688
292.02344
989.5
6059.125
664.75
144.5
3732.3125
8499.625
194.90625
3740.125
44013.285
15192.5
806.5469
151469.06
4793.7344
128.73438
5588.625
265.4375
20115.094
1144.3125
229.125
173.3125
346.625
303.375
3135.0312
42213.125
1533.125
348.79688
313.375
9847.875
2731.0
332.1875
657.5
598.15625
1781.375
192.125
13940.3125
123.125
11610.875
320.64062
108.09375
17401.594
362.625
2323.8125
12750.75
1592.25
39642.0
2350.0
924.8125
3851.875
569.0
426.75
2775.3125
1016.3125
98.75
607.25
139.75
265.1875
1190.25
1169.125
1108.75
378.125
1622.625
700.875
131.375
904.375
6534.5
2035.75
1201.125
11803.8125
6995.875
396.125
845.0
1961.5
633.5
785.0
588.81836
10410.75
884.5
3036.375
17846.5
173.9375
1385.7734
17661.25
604.5625
4395.5
909.5
1188.125
700.75
17231.719
24579.375
1452.5
907.0
123.125
13884.4375
1707.75
83.71875
3053.125
1553.125
14620.375