72.4696
84.048004
96.0
87.520004
94.15433
82.29151
67.451996
53.623116
69.92027
92.44689
19.36848
325.76
89.6216
101.588
73.212
90.6376
64.39834
19.039999
50.558403
76.399994
79.239204
89.28291
77.384796
95.15024
61.256004
93.536
68.45867
94.21994
89.38351
70.542854
93.48933
93.32475
110.286224
94.51361
94.794464
75.51543
70.28229
62.826515
39.07699
63.977146
109.25867
110.63822
71.49943
98.449455
93.505325
71.49371
35.0464
95.59725
94.00361
93.183044
63.093716
58.471657
64.222855
72.68528
97.24509
65.65801
93.795616
92.328186
98.64436
93.66691
103.35904
94.71904
62.648
57.842663
93.07961
62.725826
73.589714
68.779434
68.40014
73.69257
71.502
98.336006
88.81067
104.54281
73.54667
89.37212
86.596
74.388466
531.07043
646.39996
628.593
616.0021
663.71765
613.3092
590.5828
606.159
614.30585
595.07196
604.2419
640.21185
626.71375
650.91766
656.559
608.3948
615.4927
618.30853
636.70404
588.6282
604.0623
606.0
626.31476
604.7543
636.3237
616.99255
603.8476
604.1633
591.37714
612.7052
90.87419
105.168
62.11115
97.884
92.40884
149.52786
145.73041
157.6106
145.54074
145.8329
77.031204
76.659996
79.69568
88.532
74.4464
74.57815
146.33313
65.520004
88.45669
51.697777
60.41733
151.16763
136.693
141.9639
64.56161
52.91787
99.0934
66.458664
94.288
84.72
77.03792
88.576004
85.996
81.68615
87.01412
38.6552
30.548891
29.145313
39.331367
36.93082
38.462315
36.26334
35.826447
31.6592
32.159298
27.025625
38.074947
33.731575
27.224255
37.572666
34.864864
35.391747
27.229767
33.518932
34.70196
39.62976
35.494324
38.463997
33.773643
40.949898
32.10352
34.762043
32.989155
36.806095
34.238514
33.62146
37.07351
38.381474
39.228634
41.507366
32.95418
33.172314
25.53211
39.07705
35.429893
37.39889
33.0992
34.224476
24.248674
25.731367
37.760002
36.587215
30.743467
36.08191
32.144733
37.478737
36.457695
38.72505
34.82096
36.252666
36.23661
35.060497
35.134968
39.0256
31.268002
35.03591
39.454315
34.08711
39.755787
34.497883
38.066525
34.25257
35.32172
37.980633
39.487114
27.199028
29.434101
34.455105
36.11967
35.63407
40.87579
38.4544
32.630962
38.778946
28.40436
33.743134
39.03158
37.33053
36.99914
27.690416
32.905357
35.06466
34.026657
31.517315
100.67622
105.44163
315.254
324.72803
60.504257
58.63868
43.75454
67.670364
68.03587
6.7743998
5.4016004
8.2544
6.7664485
11.2608
7.5232
6.1952
9.4304
9.369599
5.7215996
7.5984
10.2544
2.8688
5.096
10.2992
8.4223995
7.6208487
6.2400484
6.7056484
7.0575995
7.6360483
6.6064487
6.3160486
7.4912486
6.9496484
6.6904488
7.0568485
7.6288486
7.812049
7.025649
5.927249
156.267
136.32867
14.5416
15.7756
59.91896
53.59738
54.86341
52.81027
57.194958
74.27733
124.426674
41.072
51.496
145.0399
115.751816
193.05016
165.86015
110.517204
66.64795
156.804
147.97868
131.41249
194.29639
107.454666
177.94937
105.70806
233.84123
141.15002
109.14358
231.84245
217.216
228.68144
228.094
235.50934
104.63891
9.968
14.2136
338.73535
236.45839
12.672001
7.1306667
120.94954
105.94451
79.51562
81.8696
88.54
108.99427
69.08924
81.1472
83.733604
88.65511
81.352394
89.832664
72.15673
43.357334
40.117336
17.573067
14.0912
315.97403
348.0854
395.66855
308.43082
391.44403
314.32346
354.89285
387.5049
428.74197
365.1521
322.8377
348.69647
361.74347
400.42374
289.60568
349.56995
467.55933
338.1654
372.2394
391.3181
282.31555
395.15085
351.6865
376.5593
409.04926
471.09372
383.59534
306.3972
438.39627
376.06354
316.34076
340.24347
377.79538
337.52756
328.66302
296.72495
317.51324
325.47647
362.58832
260.7454
353.08582
388.36334
369.48413
455.33643
384.22882
312.95917
385.59024
425.44208
376.5224
490.3438
342.16202
453.15604
355.76364
346.64853
368.03934
357.06424
325.2062
348.49045
331.7623
413.8419
363.393
337.47708
385.18906
486.07614
327.1864
401.45987
357.66806
480.76367
380.58478
397.18243
381.95074
383.14465
373.82355
423.13934
296.5507
409.2874
407.30188
317.92166
383.38977
370.8407
389.57452
468.5848
330.8778
402.46307
369.1946
361.02353
329.85355
353.37067
401.94287
377.25186
242.87018
396.22424
327.6539
397.68466
403.08276
371.42
396.82172
424.53333
397.82193
499.0037
420.6274
337.11215
417.92828
412.77448
399.75302
419.1818
380.49338
503.6354
445.88565
398.2282
450.55066
344.55426
454.7647
402.66275
437.69217
375.19485
375.57346
411.5934
411.22675
375.93628
424.52173
467.55206
576.5244
333.40082
408.0274
409.73572
358.4543
447.81808
432.812
483.35037
327.76544
383.43747
368.0663
436.0167
458.4624
366.05325
433.68387
437.2556
476.97543
469.7734
382.09692
438.26993
463.74713
405.94955
417.97568
534.885
462.75772
379.60025
383.18716
401.38684
321.30557
280.80243
463.6351
379.1543
369.17087
381.85016
427.25024
463.87775
314.9232
367.28763
416.49945
391.40582
482.9728
474.81223
378.60037
368.42233
440.97443
444.33777
372.91742
464.87924
414.5678
472.18094
451.71503
528.74896
438.72708
439.51385
287.8905
359.5248
410.0249
400.65637
393.84006
449.9035
449.96432
425.55554
367.98648
434.55386
497.62314
441.39767
389.14926
394.16428
416.90475
435.40747
489.8695
381.58163
378.49435
403.88602
350.3906
410.95544
438.29245
434.11414
18.1656
17.12336
20.2944
24.0
15.498666
17.430666
21.648
20.476267
19.611252
23.904
18.753067
15.934933
25.162666
18.12
21.930666
20.6304
22.4
17.67664
16.450132
18.425066
17.559467
22.549334
22.698668
17.6368
16.446934
21.053867
17.527466
19.302402
19.543467
22.965332
21.931734
19.486399
20.9952
16.290934
13.79408
16.836267
16.234133
19.636267
17.675467
17.513067
19.45472
14.13248
17.381813
21.093868
18.376347
20.978666
19.752266
18.923733
21.36
19.468882
18.55344
18.645332
20.648533
25.76
22.0512
19.2768
22.463999
16.617868
22.234667
19.348267
17.043734
24.064001
21.070932
18.258612
17.793867
29.269335
20.688
22.138666
23.018667
17.258932
18.1888
18.787735
15.640747
20.070667
19.333332
14.764533
21.021332
23.114666
15.9992
19.4416
21.242666
18.717333
24.789333
21.611732
21.303467
21.348267
21.235199
17.962933
17.537867
18.586668
19.680267
17.35968
22.922667
17.044321
23.722668
22.368
20.498934
18.685066
21.2832
20.615465
22.730667
18.755733
20.1728
15.513599
18.045866
17.048534
18.578133
20.227734
22.098133
15.5768
22.389334
18.513332
18.926401
16.645441
24.032
16.6576
22.203733
17.372534
22.773333
21.230934
15.805866
18.025599
15.682934
22.362667
15.761066
22.053333
19.729067
19.0432
11.0928
17.940426
21.972267
21.0112
17.666399
19.58016
14.602133
18.978666
22.016
15.278934
17.061335
19.451199
18.279467
22.16
17.975842
18.850132
22.4
21.599947
17.277067
20.701866
22.730667
22.072533
19.252266
16.6528
22.154667
18.822666
15.824267
20.363733
16.667788
19.905602
22.336
22.293333
15.542666
16.523468
18.910933
18.6352
19.2112
17.276001
17.344
18.956799
22.463999
18.676266
22.272
16.881866
22.581333
22.336
22.826666
15.645332
20.171734
17.247732
19.846304
21.432533
20.9952
19.470402
18.929066
19.2056
20.5376
17.710934
18.850132
17.333866
18.260267
36.064
20.473839
133.62956
113.65066
19.525333
13.6952
24.7968
19.385334
83.034676
75.26933
192.9377
106.00194
16.217333
16.6904
669.8711
657.28394
841.75757
734.59406
573.2918
525.6789
460.90335
657.7
669.0335
464.48386
618.2487
649.1735
685.39703
704.14417
672.9007
663.5324
655.96906
645.10315
662.0859
424.5963
393.81165
217.23538
357.40363
635.40546
971.21674
363.16574
385.49063
701.77167
489.18372
1009.80054
252.04134
352.39734
563.15875
661.42334
881.8164
678.1008
641.8812
630.5879
630.97644
579.1359
723.9341
1013.0825
965.3263
524.5717
524.66693
525.81555
655.8715
654.51685
521.11554
653.1356
1051.464
657.13666
527.4932
530.30945
648.0468
673.2209
523.8194
686.4337
668.0923
658.9012
731.8052
1053.1394
632.6952
507.71652
680.1415
521.80023
517.618
697.7374
656.7337
625.15576
651.75885
669.18036
655.155
667.011
661.56824
948.7755
658.81866
985.1738
524.9303
697.6978
526.2609
1051.2484
474.244
664.1187
527.2798
530.14197
1014.0493
702.11523
423.3425
679.5273
1036.9829
668.68414
502.73834
903.2943
519.57355
1041.5543
498.2285
984.39996
1021.5638
524.8363
1034.5594
727.1947
507.8771
645.0128
659.1579
1060.8627
674.38934
612.2805
1029.9066
1055.2648
460.96405
993.6536
668.88885
631.9767
919.61743
1039.1631
656.94586
522.627
952.6535
681.47394
667.90985
537.4159
522.25385
983.13525
667.3997
616.563
730.694
664.5
351.03503
530.04767
883.49945
529.5946
1024.3687
1014.5098
659.9637
665.7322
652.4243
669.08923
499.5123
32.5552
22.4128
14.953199
15.312
197.74246
203.87234
187.86424
191.55937
201.75732
94.4208
85.3684
89.05754
231.096
226.90617
226.07755
105.55064
182.11343
226.84114
153.38399
221.92458
93.693596
194.69704
196.01965
223.63885
230.48862
207.54256
98.70761
104.75665
21.604
25.119999
108.8524
120.37631
17.05052
15.07568
62.92702
132.21796
86.52311
76.34616
72.31584
63.625202
105.20486
101.20118
83.64676
72.80361
87.90587
74.439316
118.55527
88.01255
64.93687
59.656693
89.98613
101.45666
83.96358
54.89312
88.23205
94.4844
101.8088
78.59125
78.26862
66.97958
95.267654
124.74521
44.403797
86.98838
72.874466
77.06235
85.85064
74.56761
76.96192
76.780876
73.57266
102.1978
73.56053
114.07099
59.144173
80.53208
108.27566
86.187485
53.451603
71.61653
85.71455
98.5472
61.888397
67.082306
27.09044
24.65198
23.733633
28.600092
27.273533
32.026566
24.944304
26.244
28.552635
21.92321
26.789368
29.61461
25.211075
28.062672
29.899775
24.436861
21.727293
30.730507
20.704918
25.183167
27.227089
33.485104
30.36957
26.639044
28.517254
27.210619
22.973791
24.486418
28.740288
28.75206
28.59049
28.310884
24.268257
26.0723
23.07401
28.686007
23.671165
29.26074
24.556398
120.69026
102.21572
142.74802
110.72449
17.423466
14.546783
193.15248
177.16307
18.336
19.261333
180.4767
171.2027
10.1472
40.1376
79.98566
14.394134
51.70613
50.882668
49.864532
46.428
49.446404
38.172802
47.627205
47.559196
40.72293
98.49067
52.594666
67.801605
39.1728
12.965334
45.807137
48.076
110.30483
141.30316
115.1252
219.84038
229.63467
223.18019
125.14213
219.6231
219.35391
249.03772
232.57108
246.80746
223.9212
243.6512
251.14584
213.49982
168.06728
240.57019
195.58531
248.97334
224.6912
107.31506
86.850845
219.91266
76.74298
104.608
87.776
93.45387
76.74298
84.17648
76.74298
76.74298
84.4515
84.832
76.74298
76.74298
88.3555
76.74298
46.53149
43.71229
163.59782
155.75677
18.641066
13.453386
291.85065
188.28
25.207802
29.189209
24.575502
28.618109
29.206892
24.490273
26.155317
25.012249
23.261562
26.18092
26.258062
25.359241
26.187912
25.981342
21.455313
29.29098
24.821077
29.263811
21.62666
26.851257
26.722576
22.554659
23.831148
25.50116
31.468287
20.330927
25.6069
26.846876
31.063593
29.401348
25.22174
31.317081
29.1008
23.154146
22.050142
24.139894
24.971684
32.54714
26.951706
16.636534
19.886932
12.461067
14.637867
218.49857
212.55525
78.28736
107.809
148.2758
147.1431
101.930595
218.33925
105.56903
220.3126
108.177605
216.29759
147.13834
125.868
225.49168
214.12746
146.9854
234.90286
104.15439
55.910667
216.8128
222.90134
18.158398
14.415201
16.5496
18.192001
14.030399
14.115199
13.6112
13.344
18.279999
14.8848
16.975998
14.671201
15.0984
11.8832
13.976799
18.144001
17.184
15.356799
15.2848
16.058666
16.280783
14.715734
13.056535
18.013119
17.292799
17.408266
15.0251875
17.38
16.279547
19.312
12.9648
13.763201
17.272
16.8744
15.5224
18.063198
15.228
15.54
15.0199995
14.332801
16.54
16.68
18.512
14.464799
17.0576
16.1848
17.147999
14.162401
16.264
12.8936
10.8872
14.7832
12.215199
16.908463
21.3152
15.555734
18.497164
15.97769
14.3352
15.772
12.79504
17.576002
15.868001
13.859734
11.9928
16.107998
18.0664
14.5992
18.415998
15.448
12.161599
12.1576
11.2608
13.6792555
15.9168005
19.4168
15.467371
14.4728
15.0832
13.580799
17.90024
15.0216
14.540799
12.6952
15.3336
11.368
12.7616005
17.036798
14.559999
17.163013
11.847199
12.9928
13.921599
18.077868
18.53351
16.0024
13.0848
20.027895
21.237333
12.725599
13.71048
12.368
14.4768
16.161812
17.078669
14.3664
17.5016
14.343201
14.3048
15.425795
15.6592
17.644
13.6944
15.877601
10.726399
17.136
18.488
17.796534
11.3752
16.0992
15.04336
19.30222
14.224799
14.2976
14.9536
13.8168
14.237599
14.8104
18.296
12.090116
14.241599
17.1928
17.423998
16.725119
17.047201
14.448801
12.919896
13.8856
16.02968
15.983466
14.6864
12.0772
13.191601
14.660338
9.392321
20.661333
19.570135
159.8169
197.31772
122.22933
73.29386
143.24472
121.855934
78.300804
31.072
57.809868
6.8352
82.102715
102.7216
63.269867
24.08
20.0376
99.218666
18.09208
99.90613
70.4336
18.133522
18.8656
108.277336
822.35126
709.15326
2586.9238
414.95465
2353.3884
2341.3442
648.61505
1672.6583
1242.4192
1950.1202
23.184002
23.062935
24.564
19.50701
24.734053
20.446001
24.85856
22.37728
18.183481
23.176
21.123201
22.69152
20.647999
26.488
22.074722
17.160961
21.070429
22.72544
22.2256
24.176
23.368267
22.456001
5.1264
22.297598
25.099092
23.698488
22.509602
30.619839
29.011736
17.222132
21.11008
20.104897
21.027872
19.458136
17.660534
23.3064
21.000534
19.264
18.895039
21.264961
24.992641
22.3456
26.51067
21.24
22.903313
20.58528
23.644482
24.398132
22.1888
21.99008
19.934668
22.792614
24.395466
25.393335
23.316483
21.043198
24.660961
23.19936
21.408
23.567999
21.760641
24.450817
21.824959
18.390398
20.4072
16.641376
21.107521
22.316097
23.46048
22.3072
21.7152
21.869022
22.484001
23.87168
24.098667
22.169601
23.026402
23.9424
18.353334
19.9128
23.016241
22.645187
21.687262
23.03936
20.913313
21.53056
22.333868
23.098667
17.212269
25.092453
19.90176
21.68
22.860802
18.824266
22.789335
21.2008
22.419733
19.29536
21.552961
22.717117
22.095999
21.555841
25.232002
20.67648
21.853601
21.047354
27.184
20.47536
24.750721
21.241282
23.29408
19.56256
24.412
21.258398
24.2336
18.2464
19.50336
19.808853
21.35552
25.07568
1287.6771
1936.4183
984.60284
357.46844
1041.4551
984.07874
1026.9136
2400.3303
492.14456
316.03555
12.357358
12.066102
13.072349
12.8854475
12.836424
12.902778
12.737337
14.222589
13.5134535
12.704579
14.32176
11.824084
10.107551
12.718108
5.6304
13.693361
13.184961
12.964046
12.585326
13.1324415
12.10762
13.472309
12.226081
15.051608
11.312116
14.06903
13.706462
13.172015
14.193538
14.344394
13.07786
15.013305
14.279467
13.616237
13.443432
13.355463
13.68779
13.023522
14.13176
14.502404
13.520966
11.342559
15.188577
13.976442
12.000077
15.350187
13.405511
11.672794
13.096598
14.294543
13.715075
14.216467
11.982953
15.06029
12.932203
13.347818
13.1157255
13.698453
13.990421
12.540936
13.736381
14.452273
13.539149
12.657142
12.907223
13.462477
15.344186
13.419351
15.1220455
14.400264
13.45591
12.822426
14.400065
12.515095
14.502394
12.23078
10.893307
14.426919
13.284423
14.477106
15.290557
14.3142395
15.035242
14.124451
14.329201
12.2821045
15.671855
10.941105
12.370322
13.2987585
12.631602
10.061388
11.715565
14.802687
12.719387
10.826143
11.581309
13.858056
10.542098
14.56679
13.062945
14.516906
11.932314
12.180759
14.184769
13.773898
12.818733
12.003163
12.909552
13.132412
13.135302
12.504386
11.389914
12.181064
13.174277
13.151696
12.424679
14.752961
14.3444395
12.185852
1543.9244
905.38556
335.84714
319.26016
1752.6844
833.8273
2452.9734
2490.5295
966.73224
572.13336
632.50616
351.95734
1438.3815
1143.5022
483.2729
1402.9786
1390.4086
232.55075
786.39825
898.09894
937.7848
1861.501
1394.2367
2475.4631
328.44873
1116.872
645.6497
474.26843
1533.2787
2392.1614
909.6729
1573.0979
2605.8735
2504.9482
2522.5308
1003.96356
316.48755
286.2366
1324.3077
1150.743
1132.2406
1172.6608
1401.0399
634.09564
1089.5131
298.16895
1141.5619
1293.6228
2483.2122
898.26666
242.39572
248.60535
243.2131
241.72223
248.35237
204.02533
254.90326
259.21878
231.991
248.26193
242.98595
251.08475
245.947
211.24438
249.01239
236.76996
238.92053
224.75569
258.72714
259.429
230.5205
219.52397
243.07077
249.7344
246.38684
224.14613
239.55637
252.62532
232.03705
267.9808
239.2752
168.6944
162.86743
200.534
167.824
287.4222
166.0471
202.76266
160.192
158.08
236.57668
171.21199
262.60065
190.25621
177.26613
169.49086
232.4448
169.94464
162.9088
259.0608
215.57333
279.32977
185.2352
161.66692
185.5392
169.03935
198.21149
169.43808
176.74274
203.62848
255.18254
257.70987
22.218666
20.682667
16.32
19.626036
22.147104
21.538134
20.79554
18.90177
22.728436
20.776968
20.79554
20.79554
23.616
19.992535
238.68446
230.22934
180.72653
239.63022
246.62047
251.53601
254.75911
262.3867
253.22311
237.4969
244.54045
257.4723
260.9351
241.65689
246.70576
269.4729
255.71558
232.20639
246.6489
243.10399
265.72
245.51733
261.0258
236.78131
249.78845
246.36446
253.81335
273.30756
243.31467
243.20534
251.13246
13.937066
10.224667
101.846664
96.88968
78.263916
77.85333
101.42614
63.503407
62.72833
291.61072
463.02045
111.32638
102.35413
250.02199
39.447994
453.93713
336.22098
459.01917
36.194347
237.96353
493.43845
453.1502
503.63345
441.4042
239.14983
299.76895
40.39363
39.31782
489.53543
415.19855
242.48378
40.119488
40.476646
452.0816
451.41095
39.850777
489.3837
421.90546
293.33884
446.02155
165.44698
38.563328
504.0763
466.37506
479.7696
472.053
490.67157
211.30742
575.3422
255.20036
465.93716
40.463093
500.83524
483.35495
510.49017
119.20232
289.97952
559.8163
99.57791
537.5824
498.4285
465.60406
507.79474
38.915413
234.43167
37.349396
243.06796
44.540447
260.92404
419.2957
446.81778
40.09547
233.49944
182.30862
505.90277
253.2242
38.382385
250.8654
516.0385
274.25418
265.86646
41.604946
418.35828
448.26672
43.284637
338.47565
430.176
285.14383
183.22449
361.37668
304.0651
336.10657
350.78717
336.25848
272.30157
316.8011
303.1213
333.3981
290.47736
274.74698
345.36688
334.4692
335.4995
334.971
209.96793
260.50043
329.3969
341.62714
299.82578
720.6078
320.6859
348.40924
319.46628
341.2151
334.54358
256.03333
321.83075
330.02408
349.15387
265.0558
301.56454
242.2992
324.56357
349.8786
339.7794
304.8354
312.36673
281.3284
330.42728
343.42987
348.29105
317.31345
375.07758
286.68036
221.02963
287.58832
243.47997
743.0
330.0932
252.826
262.02173
329.64914
289.6451
319.55994
327.96924
317.02313
323.899
349.04163
262.29776
306.91217
252.15453
316.38446
372.14923
320.25195
367.71967
397.26443
257.35852
328.02133
322.84372
285.46295
264.72263
297.3992
306.1905
347.12558
331.41818
340.94366
292.85638
275.9725
310.30112
255.53694
289.87582
289.26562
274.63242
316.0674
329.4366
318.60446
171.08812
264.5148
327.62146
253.80063
320.74777
323.22845
342.3993
297.93375
269.08032
321.1943
316.6974
253.14491
347.69095
335.83066
325.21738
316.69818
362.3876
308.51566
338.6183
346.45358
226.00458
319.71848
325.88824
354.04404
293.183
258.6988
344.88492
329.25565
339.95383
282.14624
276.46545
328.14545
307.76846
264.66562
319.7753
276.36945
284.11108
211.28183
132.36838
210.72531
83.166046
131.12242
74.91803
111.98036
125.768005
88.32526
116.858185
119.66303
126.03128
120.95589
134.53453
143.96606
133.57405
114.37285
220.23111
250.1565
120.46885
126.605286
115.495026
137.8115
124.73019
136.02861
252.04674
89.657684
253.56546
118.50191
233.146
246.17798
80.43839
217.919
120.71731
224.21689
98.71074
121.330666
134.7074
131.55176
131.6303
95.50009
269.9276
135.97357
113.72
82.08875
242.64787
131.11635
129.62248
212.12698
131.5245
130.20583
222.20702
217.8895
212.05699
206.52603
127.109245
92.22531
79.37862
132.37479
244.19699
116.998924
86.99788
123.264244
124.138176
119.278786
123.668846
121.80291
87.87373
217.3385
124.8017
76.25214
128.68594
133.70303
91.65511
141.73196
121.85333
77.67102
235.7735
75.99528
131.69453
165.19565
249.08191
73.20684
82.9147
258.36752
198.68335
130.13843
128.25359
128.20036
121.628365
124.30351
78.02098
189.45378
134.76582
98.4714
127.05867
120.7829
119.1992
98.70299
92.42768
93.197655
168.69641
153.80898
149.00816
186.91446
200.16985
163.6596
238.05952
227.1133
138.97769
141.5855
96.956375
153.32394
227.60748
223.61728
171.68805
116.978745
170.32108
232.7936
86.163284
205.54199
237.78107
224.00955
237.99995
223.89024
212.94943
229.44029
218.43002
229.14644
236.95868
232.215
235.14935
231.51027
231.7267
221.71478
232.64482
223.66982
230.55864
236.33739
230.29878
232.28094