26.424
4.3997335
3.7918108
15.709901
14.877839
17.806988
19.582933
45.8816
3.0666428
2.46688
3.7072
13.184
561.7837
2.2204692
2.3622134
29.12
1582.5023
13.7792
19.91991
2.8866668
148.06398
3.28
19.368
17.049387
20.92
12.545333
15.236
1396.1241
2.4158666
23.146667
11.482401
1.7926934
6.3816004
16.179201
1.9530667
12.794239
13.315466
1.5691199
113.339424
3.2118402
3.7232533
15.230399
2.5811064
109.684
33.99281
1683.3358
2.7413867
2.49488
1144.184
6.5575995
2.9268801
1.7113813
13.3647995
3.2500427
1424.8555
15.764
2.2968001
14.908
13.5808
179.51999
23.485441
155.57262
15.24368
1.7166959
17.060001
13.89288
2.8616
63.104004
25.7056
87.69759
14.251733
85.588
60.91024
64.89574
50.48
939.91425
70.7904
844.224
60.848
61.986668
81.722664
0.0
63.37587
43.210056
60.544
56.464
1017.0872
195.0976
36.7296
75.38187
52.128002
84.56533
69.12749
23.375662
73.92134
73.122665
64.53333
17.562
915.132
75.924
34.9186
67.464
79.81333
785.5733
71.896
77.17973
74.40684
77.58933
83.892746
14.4668
18.040535
67.82667
71.83014
61.952
554.8463
199.13573
800.0881
15.2736
60.088
27.569016
26.051733
68.15946
223.78564
37.25467
22.273067
71.44427
55.663998
72.47466
80.82667
66.288
1022.645
78.1446
20.139734
67.159996
16.0044
82.43734
20.428535
58.536
15.879786
67.55227
68.96702
21.1648
81.013336
76.96533
82.6336
64.815994
572.9349
80.28533
63.59467
166.83281
21.026133
15.245488
77.29227
60.607998
64.09067
19.308268
26.269331
75.86267
7.055829
72.73334
15.634667
83.84533
16.66368
56.024
55.48
64.76173
45.84
24.710667
65.09866
61.407997
12.8038225
62.472
10.7728
13.413298
84.06587
609.7173
181.75023
67.51466
66.30666
26.743158
82.708
23.294666
24.92864
19.386665
37.45842
22.1592
23.531202
58.895996
75.84
83.357666
646.96173
59.545334
53.104
58.101334
56.855995
63.440002
84.09067
74.304
69.088
82.538666
53.039997
87.781334
16.176
18192.525
64.152
959.8478
947.86755
63.104004
84.14666
51.416
77.31734
65.473335
62.501335
83.84213
68.368004
680.576
41.710735
50.752
78.063995
15.916162
86.79759
64.821335
62.48267
18.730133
872.4787
58.288002
70.271996
76.46347
190.59332
21.505547
18.878933
36.440533
65.93661
173.40857
76.656
834.4084
55.00333
63.53067
23.344
71.94133
67.376
23.370667
68.402504
22.366402
84.02133
60.607998
54.815998
62.192
190.32695
17.296
60.947998
74.22934
84.64
64.13066
64.62016
75.847595
383.59335
76.597336
68.832
55.517334
81.186325
69.43569
59.674664
82.79466
14.195733
240.48642
0.0
47.576
41.156906
32.296608
48.9576
62.192
14.2816
24.8024
19.919199
19.273275
12.7712
16.602736
46.752
63.38822
66.73333
21.634266
27.473372
14.480843
61.536
63.029335
79.43466
822.4784
54.191998
64.576
79.808
921.278
74.44957
34.9376
705.1064
188.17516
45.028767
74.456
66.914665
678.0661
41.73896
18.6748
77.88
59.4416
120.112
71.45333
49.44
15.710678
74.0
79.772
14.914577
59.652
726.91943
15.526004
85.576
82.212
76.06835
15.491562
88.68107
87.82933
29.043064
20.333118
87.464005
51.985962
70.43201
44.464
182.98434
51.811733
218.09444
67.62933
231.66855
79.09067
15.730148
70.34667
70.4
634.19617
70.98133
48.096
59.503998
447.33203
67.237335
731.56
73.954666
15.235759
0.0
1147.68
38.51712
0.0
196.89432
62.808
18.439466
17.588266
13.304533
16.816
12.184
11.9928
8.9465065
16.5904
15.9656
16.1344
14.66112
28.047998
32.519466
47.40751
27.485332
17.261795
0.86592
21.004267
60.987198
26.790667
28.134935
852.64
19.56058
57.267838
388.70908
551.665
43.69943
55.376247
25.813334
35.868473
41.42646
24.466133
40.05273
27.22147
17.329294
49.781334
58.6944
13.285028
4.7376
43.84381
50.902782
81.498924
79.39374
56.65943
1196.928
501.54947
481.52692
24.32
38.789936
13.880011
64.68948
25.837332
90.57919
101.42059
24.084
59.319466
22.612587
27.732845
35.70578
51.818665
735.461
65.09891
58.184536
63.085876
28.263681
33.811565
58.7792
21.979683
41.239254
24.105198
26.755598
26.11281
106.562775
22.0244
43.053333
35.511562
34.395073
23.328001
59.463806
46.035564
23.688
26.183924
25.473787
48.357437
39.45327
27.142935
18.04656
40.141933
75.99196
0.79344004
18.079468
16.972265
13.336854
206.8
106.27447
17.011831
33.649864
351.32587
181.73793
573.3498
33.749336
27.238667
17.499733
67.301094
30.079998
43.931427
54.6432
394.33337
73.718994
18.255999
37.36538
15.204133
87.30249
86.76
27.249332
86.91378
9.169707
56.84569
30.172426
33.251427
28.503258
39.922222
86.55348
84.23538
52.148
24.395998
25.763199
983.5503
35.796
76.97834
63.183823
1298.1334
61.11585
14.59786
29.921312
48.584
29.36
48.73805
28.033789
37.62809
72.02173
32.467335
866.10175
29.900528
26.523323
22.626133
35.587776
27.279999
32.27336
70.20213
19.369066
17.294172
41.99376
132.65866
56.665195
184.68054
61.08169
75.954605
144.3135
69.824005
46.442665
29.648409
33.54217
27.2832
53.78533
87.007996
57.765095
18.302105
20.199207
87.24889
59.900158
30.5984
21.508001
440.4684
20.590233
54.37061
23.227556
23.506668
29.999445
46.2472
22.99049
53.756798
38.42378
34.7276
38.93108
738.3585
65.44796
130.579
28.934666
22.615467
16.395243
28.036266
12.908799
134.0027
44.277393
30.43223
28.349333
291.29474
21.674667
39.157333
56.998333
26.288736
46.252247
17.233067
31.419039
17.311201
77.22026
27.882666
24.554667
22.761333
61.74061
5.0656
306.1819
56.21342
371.0973
18.310001
50.0172
23.143467
41.0672
69.088
59.993
30.330244
18.1624
6.27872
122.87626
82.84503
30.178082
28.770025
75.872574
41.76658
19.829515
40.58083
322.15356
364.88763
69.56815
27.253761
0.0
31.258665
59.576572
17.027555
22.766008
37.485867
16.251234
83.37587
4.524
469.90668
25.575998
262.3353
17.018805
22.565561
25.236
61.52533
338.84848
791.28
20.324268
40.459072
35.156265
23.689734
83.14598
242.80891
21.605974
27.437265
163.79622
19.672
76.04266
299.2898
54.458908
2.6552
43.96522
42.302998
23.69224
57.595078
24.432
37.57979
34.31014
24.506666
22.320799
42.17457
26.21205
17.7648
24.0224
352.82895
87.36467
51.554665
22.856533
60.076996
52.908268
53.373333
468.1374
28.11054
73.54919
21.746353
17.6144
59.49733
20.3936
47.009068
52.97406
38.509792
20.52
35.43979
23.344
20.08
27.854935
78.0553
49.40235
82.899254
52.561043
33.79496
68.421745
29.710224
1216.884
185.7872
340.68396
26.314667
51.42691
39.558483
251.21117
24.031439
44.779472
16.89232
1029.9392
32.43947
200.50002
20.816322
20.341219
55.6768
73.776
45.92329
22.647999
27.660799
82.63581
54.227894
61.30743
36.17243
59.194794
28.4016
173.51683
21.208
448.75034
29.109333
81.841606
17.3872
37.595734
22.629333
19.254402
23.507467
38.428
158.97101
47.807602
1.850188
43.498665
8.290133
16.648724
21.10575
15.863999
36.336052
20.813133
59.13539
17.826637
141.71129
14.7856
20.954538
30.530687
19.1558
37.67818
19.659883
556.1911
69.10752
59.31923
89.993996
33.786556
37.028
20.273333
31.927992
11.269544
19.5648
21.8032
52.6048
21.13136
27.244
24.351543
77.498245
23.037333
27.384
37.451996
14.774401
54.268726
78.025604
39.715843
34.313984
544.2332
12.42948
70.969215
401.92325
98.49891
1400.0759
61.968376
28.158667
21.800001
24.624
19.343998
41.30494
75.74953
109.30468
4.952
31.836267
44.70349
57.82222
32.576
85.08387
58.07497
21.679998
72.10208
16.088266
60.68105
70.61152
50.188446
45.973778
280.36536
32.42326
91.890625
28.672
115.1568
16.173868
263.74506
28.46998
4.5928
22.408213
184.92851
0.0
123.88397
22.036783
19.52736
100.704
57.269173
21.39049
47.342903
65.63811
46.1974
201.98656
24.245073
18.346132
12.307509
32.89464
50.605118
36.71091
294.15787
32.808
119.476
22.437334
27.822666
13.788917
107.62677
63.83033
21.265068
94.64534
19.336962
39.354332
58.112507
27.109335
84.314125
40.29244
193.62608
48.539997
5.1344
18.192001
34.976
54.775497
32.205975
34.883278
84.06665
261.8896
26.722666
15.716711
101.725334
25.925886
35.1739
23.038626
88.060005
51.07376
53.54667
23.236666
20.556908
19.677427
23.312267
134.05367
19.124907
30.140001
35.652348
38.128716
69.40729
854.26636
89.855316
29.682667
17.0648
14.1749325
32.112
16.970001
58.886925
14.760799
18.782932
15.849242
19.048962
27.200533
30.023823
17.34496
78.933334
134.89455
65.440895
100.56671
32.661335
20.2656
42.541344
85.96894
39.424
34.324265
155.78738
57.6384
129.55048
141.84503
28.812
70.648
23.848534
85.22748
95.66857
90.526405
23.3856
248.50404
19.110958
106.688
22.243027
50.315636
40.775
15.808
45.23619
62.92647
21.989332
19.915081
54.720802
63.935257
100.544
99.84389
37.584106
32.961502
17.9616
77.6086
154.20444
22.15416
64.67519
17.73088
150.38748
19.11616
23.37208
16.543999
44.496
42.608
34.786934
32.498917
82.64748
30.768
54.688
27.127192
51.661663
29.936
38.079998
39.6992
156.634
19.231998
173.14273
17.032
191.68283
22.0
20.928
201.0607
64.448
45.667202
35.6628
18.684267
46.575634
38.865776
34.21143
18.382423
20.24
17.924267
41.269333
34.7264
25.488
22.4
5.0352
25.664
19.3472
41.067204
119.016
45.65333
18.344
18.368
14.8464
22.562666
265.80264
32.639576
57.101242
40.529892
69.37552
20.015999
24.839054
129.344
14.566401
20.039146
19.856
129.10062
19.488192
54.9056
405.11545
17.888
34.368
182.9193
17.088
35.989334
21.616001
40.464
43.758667
329.16388
70.402664
434.95267
175.64246
16.848
147.93318
45.296387
35.050667
129.47223
124.05943
33.10157